0 0.10234375 0.11015625 0.121875 0.18671875
1 0.3 0.1109375 0.10234375 0.18515625
2 0.503125 0.1078125 0.11015625 0.190625
3 0.70390625 0.10703125 0.11328125 0.1921875
4 0.90546875 0.10546875 0.090625 0.19609375
5 0.10390625 0.30546875 0.10234375 0.18671875
6 0.3 0.31171875 0.10859375 0.18125
7 0.50234375 0.315625 0.14765625 0.17421875
8 0.7046875 0.3140625 0.09765625 0.17421875
9 0.91171875 0.321875 0.10234375 0.15703125
10 0.1 0.50703125 0.1125 0.18671875
11 0.3 0.50703125 0.1109375 0.18671875
12 0.5 0.5125 0.10859375 0.1796875
13 0.70390625 0.5125 0.11328125 0.18671875
14 0.90234375 0.51328125 0.08046875 0.17734375
15 0.1078125 0.71484375 0.1328125 0.1703125
17 0.30546875 0.70546875 0.10859375 0.19609375
18 0.51171875 0.70625 0.1109375 0.1828125
19 0.70703125 0.70703125 0.1109375 0.17421875
20 0.90546875 0.7140625 0.07421875 0.1796875
21 0.09921875 0.89921875 0.1015625 0.17421875
22 0.3 0.9046875 0.09296875 0.18828125
23 0.503125 0.90859375 0.0953125 0.17734375
24 0.70703125 0.9078125 0.10234375 0.1796875
25 0.90234375 0.90703125 0.121875 0.18515625