0 0.11171875 0.225 0.18125 0.1421875
1 0.3015625 0.2234375 0.14140625 0.14921875
2 0.51640625 0.2265625 0.1578125 0.14765625
3 0.678125 0.2234375 0.12734375 0.15234375
4 0.86484375 0.2265625 0.1484375 0.14375
5 0.109375 0.37890625 0.1296875 0.14375
6 0.27265625 0.37734375 0.21171875 0.15078125
7 0.4671875 0.375 0.21875 0.14765625
8 0.6875 0.37890625 0.14140625 0.14375
9 0.8734375 0.37265625 0.21171875 0.14921875
10 0.12109375 0.54140625 0.1953125 0.16328125
11 0.31796875 0.5421875 0.16015625 0.1578125
12 0.47421875 0.540625 0.153125 0.1578125
13 0.67578125 0.5421875 0.19296875 0.16171875
14 0.859375 0.540625 0.16484375 0.16484375
15 0.13046875 0.71015625 0.2234375 0.1671875
16 0.3375 0.7140625 0.275 0.16171875
17 0.54609375 0.71171875 0.19765625 0.16328125
18 0.7015625 0.71171875 0.19296875 0.159375
19 0.878125 0.7078125 0.19765625 0.159375
20 0.1015625 0.87734375 0.16953125 0.16875
21 0.24375 0.875 0.190625 0.1671875
22 0.3953125 0.87578125 0.16953125 0.16484375
23 0.5609375 0.875 0.190625 0.1703125
24 0.73046875 0.875 0.190625 0.1671875
25 0.8953125 0.8734375 0.1859375 0.1703125